   0.147   -0.917    0.372    0.671    0.369    0.644   -0.727    0.155    0.669   40.122    6.162   77.464      1
  -0.130    0.598   -0.791   -0.701   -0.620   -0.352   -0.701    0.509    0.500  -13.230   30.030   68.338      2
   0.229   -0.924    0.307   -0.033   -0.323   -0.946    0.973    0.207   -0.105   41.526   23.010   33.940      3
  -0.205   -0.108   -0.973    0.557    0.804   -0.207    0.805   -0.585   -0.105   -1.296   10.374   38.152      4
   0.558    0.824    0.099   -0.310    0.096    0.946    0.769   -0.559    0.309   -9.720   30.030   61.318      5
   0.732   -0.553   -0.398   -0.571   -0.816    0.085   -0.372    0.165   -0.914    2.214   39.858   52.192      6
   0.904    0.312   -0.294   -0.424    0.749   -0.509    0.061    0.585    0.809   -1.998   27.924   83.080      7
  -0.143   -0.752   -0.644   -0.917   -0.143    0.372   -0.372    0.644   -0.669   -2.700   41.262   62.722      8
  -0.655    0.139   -0.743    0.208    0.978   -0.000    0.727   -0.155   -0.669   34.506   25.818   24.814      9
  -0.175   -0.980   -0.099    0.322    0.038   -0.946    0.930   -0.198    0.309   38.016  -19.812   50.086     10
  -0.583   -0.723   -0.372   -0.723    0.252    0.644   -0.372    0.644   -0.669   -6.210   24.414   40.258     11
  -0.978    0.037   -0.203    0.037   -0.935   -0.352   -0.203   -0.352    0.914  -10.422   10.374   52.192     12
  -0.819    0.493   -0.294   -0.570   -0.645    0.509    0.061    0.585    0.809   59.076  -17.004   32.536     13
  -0.936   -0.338   -0.099   -0.194    0.260    0.946   -0.294    0.905   -0.309   48.546   27.222   42.364     14
   1.000   -0.000    0.000    0.000    1.000    0.000   -0.000    0.000    1.000   11.340   13.182   25.516     15
  -0.994   -0.037    0.102    0.089   -0.811    0.579    0.061    0.585    0.809   54.162   12.480   72.550     16
  -0.162    0.385    0.909    0.571   -0.714    0.405    0.805    0.585   -0.105  -11.124   25.116   59.914     17
  -0.300   -0.908    0.294   -0.394   -0.163   -0.905    0.869   -0.387   -0.309   28.188   41.964   78.868     18
  -0.603    0.548    0.579    0.751    0.147    0.644    0.268    0.824   -0.500   27.486   23.712   23.410     19
  -0.011    0.104   -0.995    0.995    0.105   -0.000    0.104   -0.989   -0.105   -1.998    7.566   40.960     20
   0.826    0.423    0.372   -0.558    0.524    0.644    0.078   -0.739    0.669   46.440   34.242   72.550     21
  -0.505   -0.549   -0.665    0.549    0.390   -0.739    0.665   -0.739    0.105  -10.422   17.394   76.060     22
  -0.965    0.243   -0.102   -0.256   -0.774    0.579    0.061    0.585    0.809   37.314  -16.302   57.808     23
   0.887   -0.452   -0.091   -0.158   -0.483    0.861   -0.433   -0.750   -0.500   10.638   34.944   85.186     24
  -0.774    0.255   -0.579    0.627    0.439   -0.644    0.091   -0.861   -0.500   -9.720    0.546   54.298     25
   0.636   -0.056   -0.769   -0.713   -0.423   -0.559   -0.294    0.905   -0.309   41.526   -5.070   10.774     26
  -0.867   -0.039   -0.497    0.488    0.142   -0.861    0.104   -0.989   -0.105   21.870   41.262   40.258     27
  -0.763    0.064   -0.644    0.238   -0.897   -0.372   -0.601   -0.437    0.669   59.076   18.798   64.828     28
  -0.761    0.641   -0.099   -0.128   -0.298   -0.946   -0.636   -0.707    0.309   22.572   12.480   28.324     29
   0.542   -0.835   -0.091    0.464    0.208    0.861   -0.701   -0.509    0.500   32.400   15.288   28.324     30
  -0.316    0.790    0.525   -0.610   -0.593    0.525    0.727   -0.155    0.669   23.976   42.666   86.590     31
  -0.052    0.091   -0.995   -0.866   -0.500   -0.000   -0.497    0.861    0.105   28.890   11.076   19.900     32
   0.840   -0.448   -0.307    0.218   -0.241    0.946   -0.497   -0.861   -0.105   23.274   48.282   66.934     33
   0.581   -0.689    0.433    0.192    0.633    0.750   -0.791   -0.352    0.500   21.870   12.480   26.218     34
   0.370   -0.909    0.192   -0.578   -0.388   -0.718    0.727    0.155   -0.669   16.254   -3.666   76.762     35
   0.156   -0.508   -0.847   -0.984   -0.001   -0.180    0.091    0.861   -0.500    0.108   -0.858   37.450     36
  -0.384    0.791   -0.476    0.510   -0.247   -0.824   -0.769   -0.559   -0.309   14.850   -7.176   45.172     37
   0.682   -0.702   -0.203   -0.720   -0.598   -0.352    0.126    0.387   -0.914    5.022   41.262   55.000     38
   0.685    0.660    0.307    0.296    0.133   -0.946   -0.665    0.739   -0.105   -4.806    8.268   43.066     39
  -0.675    0.686    0.272    0.736    0.605    0.302    0.043    0.405   -0.914   68.904    7.566   38.854     40
   0.384    0.791    0.476    0.510    0.247   -0.824   -0.769    0.559   -0.309   53.460   25.818   63.424     41
  -0.039   -0.593   -0.805    0.228    0.779   -0.585    0.973   -0.207    0.105   33.804  -24.024   45.172     42
   0.095    0.294    0.951    0.951   -0.309    0.000    0.294    0.905   -0.309   31.698   54.600   57.808     43
  -0.102   -0.973   -0.208   -0.995    0.105   -0.000    0.022    0.207   -0.978   10.638   46.176   45.172     44
   0.952   -0.083   -0.294   -0.083    0.857   -0.509    0.294    0.509    0.809   61.182    7.566   33.238     45
  -0.145   -0.838    0.525   -0.720    0.454    0.525   -0.679   -0.302   -0.669   52.056   30.732   47.278     46
  -0.104   -0.950   -0.294    0.352    0.241   -0.905    0.930   -0.198    0.309   33.102  -17.706   47.980     47
   0.679    0.541    0.497   -0.311   -0.402    0.861    0.665   -0.739   -0.105   26.082   -7.176   66.934     48
  -0.032   -0.995   -0.099   -0.307    0.105   -0.946    0.951   -0.000   -0.309   12.042   44.070   54.298     49
   0.533   -0.788    0.307    0.262   -0.192   -0.946    0.805    0.585    0.105    2.916   11.076   85.186     50
   0.558    0.824    0.099   -0.310    0.096    0.946    0.769   -0.559    0.309   -9.720   29.328   61.318     51
   0.927   -0.051   -0.372    0.296    0.706    0.644    0.230   -0.707    0.669   45.036  -21.216   43.768     52
  -0.949    0.117    0.294    0.259    0.821    0.509   -0.182    0.559   -0.809   43.632   39.858   47.980     53
  -0.092    0.486   -0.869   -0.486   -0.783   -0.387   -0.869    0.387    0.309   40.824   19.500   31.132     54
   0.457    0.407    0.791    0.203   -0.914    0.352    0.866   -0.000   -0.500   47.844   27.222   39.556     55
   0.173    0.796   -0.579   -0.503    0.577    0.644    0.847    0.180    0.500   21.168   16.692   23.410     56
  -0.482   -0.826   -0.294   -0.419   -0.077    0.905   -0.769    0.559   -0.309   16.254   44.070   58.510     57
   0.491   -0.595    0.636    0.062   -0.705   -0.707    0.869    0.387   -0.309    7.830   35.646   83.782     58
  -0.866   -0.500    0.000   -0.335    0.579   -0.743    0.372   -0.644   -0.669    2.214   48.282   62.722     59
  -0.845    0.525   -0.099   -0.244   -0.214    0.946    0.476    0.824    0.309    0.108   29.328   85.186     60
  -0.300   -0.953   -0.043   -0.867    0.291   -0.405    0.398   -0.085   -0.914   -4.806    8.970   49.384     61
  -0.291   -0.910   -0.294   -0.223    0.363   -0.905    0.930   -0.198   -0.309   51.354  -24.024   45.874     62
   0.250    0.433    0.866    0.866   -0.500    0.000    0.433    0.750   -0.500   49.248   32.838   40.258     63
   0.362    0.493    0.791    0.389   -0.851    0.352    0.847    0.180   -0.500   48.546   29.328   41.662     64
   0.373    0.880    0.294    0.840   -0.186   -0.509   -0.393    0.437   -0.809   24.678  -13.494   46.576     65
   0.124   -0.893    0.433    0.599   -0.281   -0.750    0.791    0.352    0.500    2.214   41.964   68.338     66
   0.840    0.448    0.307   -0.218   -0.241    0.946    0.497   -0.861   -0.105   -6.912   31.434   69.742     67
   0.990   -0.093    0.104    0.093   -0.114   -0.989    0.104    0.989   -0.105  -15.336   23.010   75.358     68
  -0.474    0.830   -0.294   -0.143   -0.402   -0.905   -0.869   -0.387    0.309   47.844  -21.216   57.106     69
  -0.643    0.707    0.294   -0.426   -0.012   -0.905   -0.636   -0.707    0.309   42.228    6.162   78.166     70
   0.416    0.856    0.307    0.035    0.323   -0.946   -0.909    0.405    0.105   29.592  -16.302   51.490     71
  -0.474   -0.830   -0.294   -0.143    0.402   -0.905    0.869   -0.387   -0.309   26.784   19.500   21.304     72
  -0.175   -0.322   -0.930   -0.980   -0.038    0.198   -0.099    0.946   -0.309   21.168    2.652   21.304     73
   0.300    0.394   -0.869   -0.908   -0.163   -0.387   -0.294    0.905    0.309   46.440   23.010   37.450     74
   0.901   -0.224    0.372   -0.174   -0.971   -0.165    0.398    0.085   -0.914   36.612  -25.428   44.470     75
   0.533   -0.788    0.307    0.262   -0.192   -0.946    0.805    0.585    0.105    3.618   11.076   85.186     76
  -0.871    0.393   -0.294    0.121   -0.409   -0.905   -0.476   -0.824    0.309   -1.998   -4.368   52.894     77
   0.147   -0.917    0.372    0.671    0.369    0.644   -0.727    0.155    0.669   40.122    5.460   77.464     78
  -0.482   -0.224   -0.847   -0.657    0.732    0.180    0.579    0.644   -0.500   27.486   21.606   26.218     79
  -0.405    0.701   -0.588   -0.866   -0.500   -0.000   -0.294    0.509    0.809    1.512    0.546   78.166     80
  -0.205   -0.108   -0.973    0.557    0.804   -0.207    0.805   -0.585   -0.105   -1.296   11.076   37.450     81
  -0.776   -0.249    0.579   -0.249   -0.724   -0.644    0.579   -0.644    0.500   -2.700   39.858   57.808     82
   0.405   -0.294    0.866   -0.588   -0.809    0.000    0.701   -0.509   -0.500   20.466   41.964   55.702     83
  -0.576    0.763   -0.294   -0.581   -0.635   -0.509   -0.575   -0.122    0.809   -9.018    9.672   35.344     84
   0.166    0.798   -0.579    0.694    0.323    0.644    0.701   -0.509   -0.500   43.632    7.566   18.496     85
  -0.375   -0.922   -0.099   -0.323    0.030    0.946   -0.869    0.387   -0.309   42.930   28.626   82.378     86
  -0.011    0.995    0.104    0.104    0.105   -0.989   -0.995    0.000   -0.105   28.890  -16.302   52.894     87
  -0.916   -0.380    0.126   -0.398    0.832   -0.387    0.043   -0.405   -0.914   21.870   26.520   23.410     88
  -0.603   -0.751   -0.268    0.548   -0.147   -0.824    0.579   -0.644    0.500    2.916    7.566   87.292     89
   0.113   -0.988    0.104    0.979    0.093   -0.180    0.168    0.122    0.978    1.512   18.798   84.484     90
  -0.095    0.407    0.909   -0.043   -0.914    0.405    0.995   -0.000    0.105   40.824   18.798   29.026     91
   0.238   -0.897    0.372   -0.763    0.064    0.644   -0.601   -0.437   -0.669   40.122   34.944   78.166     92
   0.548   -0.783    0.294   -0.783   -0.357    0.509   -0.294   -0.509   -0.809   39.420   11.076   23.410     93
   0.548    0.329   -0.769    0.329    0.761    0.559    0.769   -0.559    0.309   37.314  -20.514   45.874     94
  -0.732   -0.674   -0.104    0.147   -0.007   -0.989    0.665   -0.739    0.105   21.168   -5.772   31.834     95
   0.250    0.433    0.866    0.866   -0.500    0.000    0.433    0.750   -0.500   48.546   13.182   74.656     96
   0.416    0.856    0.307    0.035    0.323   -0.946   -0.909    0.405    0.105   43.632  -21.918   27.622     97
  -0.636    0.056   -0.769   -0.713   -0.423    0.559   -0.294    0.905    0.309   38.718  -20.514   47.278     98
  -0.143    0.182    0.973   -0.182    0.961   -0.207   -0.973   -0.207   -0.105   37.314   18.798   26.920     99
   0.684   -0.679   -0.268    0.203    0.530   -0.824    0.701    0.509    0.500   34.506  -11.388   68.338    100
  -0.273    0.456   -0.847    0.659    0.730    0.180    0.701   -0.509   -0.500   28.188   44.772   70.444    101
  -0.104    0.352    0.930    0.950   -0.241    0.198    0.294    0.905   -0.309   28.188   22.308   23.410    102
  -0.685    0.660    0.307    0.296   -0.133    0.946    0.665    0.739   -0.105   17.658   21.606   89.398    103
   0.845   -0.357   -0.398    0.421    0.903    0.085    0.329   -0.239    0.914   -1.296   -2.262   50.086    104
   0.452   -0.887    0.091    0.412    0.298    0.861   -0.791   -0.352    0.500   -4.104   11.778   35.344    105
   0.809    0.000   -0.588    0.000   -1.000   -0.000   -0.588    0.000   -0.809  -10.422   14.586   75.358    106
   0.548   -0.329    0.769   -0.329    0.761    0.559   -0.769   -0.559    0.309  -12.528   17.394   76.060    107
   0.064    0.899   -0.433    0.528   -0.399   -0.750   -0.847   -0.180   -0.500   54.162   25.818   52.894    108
   0.834   -0.518    0.192   -0.240   -0.654   -0.718    0.497    0.552   -0.669   53.460    3.354   73.954    109
   0.533    0.788   -0.307   -0.262   -0.192   -0.946   -0.805    0.585    0.105   51.354   28.626   53.596    110
  -0.949    0.117    0.294    0.259    0.821    0.509   -0.182    0.559   -0.809   43.632   39.156   47.980    111
  -0.845   -0.244    0.476   -0.525    0.214   -0.824    0.099   -0.946   -0.309   42.930  -25.428   46.576    112
  -0.975   -0.198   -0.104   -0.214    0.960    0.180    0.064    0.198   -0.978   36.612   -0.156   16.390    113
  -0.611    0.679    0.407   -0.743   -0.669    0.000    0.272   -0.302    0.914   35.910   18.798   21.304    114
  -0.457   -0.203    0.866   -0.407    0.914    0.000   -0.791   -0.352   -0.500   34.506   13.182   24.112    115
   0.420   -0.828   -0.372   -0.759   -0.096   -0.644    0.497    0.552   -0.669   30.996   11.778   22.708    116
  -0.362   -0.493   -0.791    0.389   -0.851    0.352   -0.847   -0.180    0.500   21.168    7.566   26.920    117
   0.032   -0.099   -0.995    0.951    0.309   -0.000    0.307   -0.946    0.105   -4.104   10.374   40.960    118
   0.895    0.325    0.307    0.325    0.001   -0.946   -0.307    0.946   -0.105   46.440   29.328   71.146    119
   0.877    0.469   -0.099    0.063   -0.318   -0.946   -0.476    0.824   -0.309   41.526   11.076   15.688    120
   0.696    0.026    0.718   -0.235    0.953    0.192   -0.679   -0.302    0.669   11.340   46.176   59.212    121
   0.304    0.286    0.909    0.812    0.420   -0.405   -0.497    0.861   -0.105    9.936   16.692   23.410    122
  -0.205   -0.108   -0.973    0.557    0.804   -0.207    0.805   -0.585   -0.105   -1.296   10.374   37.450    123
  -0.761    0.128   -0.636    0.641    0.298   -0.707    0.099   -0.946   -0.309   -3.402    4.758   41.662    124
  -0.787   -0.603    0.126    0.521   -0.761   -0.387    0.329   -0.239    0.914   -6.210   34.242   48.682    125
  -0.625   -0.307   -0.718    0.602   -0.775   -0.192   -0.497   -0.552    0.669  -11.826   12.480   59.914    126
   0.205    0.108   -0.973   -0.557   -0.804   -0.207   -0.805    0.585   -0.105   49.248   28.626   48.682    127
  -0.029    0.879    0.476    0.366   -0.433    0.824    0.930    0.198   -0.309   42.930   34.944   76.060    128
   0.507    0.778   -0.372   -0.463    0.610    0.644    0.727   -0.155    0.669   42.228   20.904   81.676    129
   0.739   -0.588   -0.329    0.537    0.809   -0.239    0.407   -0.000    0.914   41.526   23.010   33.238    130
  -0.803    0.595   -0.043    0.530    0.745    0.405    0.272    0.302   -0.914   37.314   11.778   22.708    131
   0.375   -0.323    0.869   -0.922   -0.030    0.387   -0.099   -0.946   -0.309   27.486  -12.792   52.894    132
   0.505   -0.857    0.104    0.857    0.484   -0.180    0.104    0.180    0.978   24.678    5.460   20.602    133
   0.370   -0.909    0.192   -0.578   -0.388   -0.718    0.727    0.155   -0.669   15.552   -3.666   76.762    134
  -0.927    0.051   -0.372    0.296    0.706   -0.644    0.230   -0.707   -0.669   -6.912   28.626   41.662    135
  -0.357   -0.497   -0.791   -0.930    0.107    0.352   -0.091    0.861   -0.500   71.010   -9.984   51.490    136
  -0.039    0.228    0.973    0.593   -0.779    0.207    0.805    0.585   -0.105   63.288   10.374   31.834    137
  -0.182   -0.938   -0.294    0.861   -0.007   -0.509    0.476   -0.345    0.809   50.652   26.520   47.980    138
  -0.914   -0.236   -0.329   -0.161    0.957   -0.239    0.372   -0.165   -0.914   49.950   31.434   40.258    139
  -0.643    0.707    0.294   -0.426   -0.012   -0.905   -0.636   -0.707    0.309   42.228    5.460   78.166    140
   0.130    0.701   -0.701   -0.598    0.620    0.509    0.791    0.352    0.500   23.274   19.500   23.410    141
  -0.638    0.763   -0.102    0.662    0.476   -0.579   -0.393   -0.437   -0.809   16.254  -10.686   42.364    142
   0.975   -0.217   -0.043    0.181    0.896   -0.405    0.126    0.387    0.914   13.446   -8.580   52.192    143
   0.717    0.689   -0.099   -0.283    0.158   -0.946   -0.636    0.707    0.309    7.830    6.162   85.888    144
   0.879   -0.432   -0.203    0.346    0.870   -0.352    0.329    0.239    0.914    1.512   21.606   85.186    145
   0.576    0.763   -0.294   -0.581    0.635    0.509    0.575   -0.122    0.809   -8.316   15.288   48.682    146
   0.579   -0.500   -0.644   -0.335   -0.866    0.372   -0.743    0.000   -0.669  -12.528   21.606   77.464    147
   0.031   -0.981   -0.192   -0.686    0.119   -0.718    0.727    0.155   -0.669   75.924  -17.706   54.298    148
   0.205   -0.108    0.973   -0.557    0.804    0.207   -0.805   -0.585    0.105   66.798   16.692   46.576    149
  -0.474   -0.830   -0.294    0.143   -0.402    0.905   -0.869    0.387    0.309   47.142   39.858   61.318    150
  -0.774    0.627   -0.091   -0.255   -0.439   -0.861   -0.579   -0.644    0.500   44.334  -14.898   71.146    151
  -0.095    0.407    0.909   -0.043   -0.914    0.405    0.995   -0.000    0.105   40.122   19.500   29.026    152
   0.463   -0.610    0.644    0.507    0.778    0.372   -0.727    0.155    0.669   26.082   45.474   65.530    153
   0.836   -0.463    0.294   -0.273   -0.816   -0.509    0.476    0.345   -0.809   25.380   40.560   82.378    154
  -0.434   -0.860   -0.268   -0.566    0.030    0.824   -0.701    0.509   -0.500   22.572   46.878   63.424    155
  -0.367   -0.523   -0.769    0.009   -0.829    0.559   -0.930    0.198    0.309   16.254   45.474   46.576    156
   0.416    0.856   -0.307   -0.035   -0.323   -0.946   -0.909    0.405   -0.105    5.022   41.964   58.510    157
   0.645    0.754    0.126    0.668   -0.636    0.387    0.372   -0.165   -0.914    0.810   29.328   83.782    158
   0.493    0.041    0.869   -0.728    0.566    0.387   -0.476   -0.824    0.309   -6.912   26.520   77.464    159
   0.371   -0.589    0.718   -0.708   -0.680   -0.192    0.601   -0.437   -0.669  -17.442   13.884   52.192    160
  -0.949   -0.117   -0.294   -0.259    0.821    0.509    0.182    0.559   -0.809   49.248   26.520   39.556    161
  -0.952    0.147   -0.268   -0.147    0.548    0.824    0.268    0.824   -0.500   48.546    1.248   78.166    162
   0.296   -0.706    0.644   -0.927   -0.051    0.372   -0.230   -0.707   -0.669   33.804   30.732   86.590    163
  -0.636    0.713   -0.294   -0.056   -0.423   -0.905   -0.769   -0.559    0.309   25.380   14.586   26.218    164
   0.675   -0.171   -0.718    0.428    0.883    0.192    0.601   -0.437    0.669   20.466   -9.282   47.980    165
   0.655   -0.727    0.208    0.743    0.669    0.000   -0.139    0.155    0.978   17.658   21.606   90.100    166
  -0.113   -0.482    0.869   -0.763   -0.518   -0.387    0.636   -0.707   -0.309   12.744   -7.176   64.126    167
   0.032   -0.099   -0.995    0.951    0.309   -0.000    0.307   -0.946    0.105   -4.806   10.374   40.960    168
  -0.102    0.208    0.973   -0.022   -0.978    0.207    0.995   -0.000    0.105   -9.018   26.520   69.742    169
  -0.190    0.670   -0.718    0.979    0.071   -0.192   -0.078   -0.739   -0.669   74.520  -18.408   41.662    170
   0.904   -0.312    0.294   -0.424   -0.749    0.509    0.061   -0.585   -0.809   61.182  -18.408   52.192    171
   0.834   -0.518    0.192   -0.240   -0.654   -0.718    0.497    0.552   -0.669   53.460    4.056   73.954    172
  -0.551   -0.812   -0.192    0.485   -0.499    0.718   -0.679    0.302    0.669   49.248   34.242   43.066    173
  -0.143   -0.622   -0.769   -0.622   -0.548    0.559   -0.769    0.559   -0.309   49.248   31.434   43.768    174
   0.720   -0.454   -0.525   -0.145   -0.838    0.525   -0.679   -0.302   -0.669   38.016    9.672   18.496    175
  -0.500   -0.866    0.000    0.866   -0.500    0.000    0.000    0.000    1.000   37.314   -9.282   69.742    176
   0.961    0.043    0.272    0.043    0.952   -0.302   -0.272    0.302    0.914   33.102  -12.792   66.934    177
   0.405   -0.294    0.866   -0.588   -0.809    0.000    0.701   -0.509   -0.500   20.466   41.964   55.000    178
  -0.420   -0.720   -0.552   -0.906    0.373    0.201    0.061    0.585   -0.809   12.744   46.176   66.934    179
   0.448   -0.497    0.743   -0.743   -0.669    0.000    0.497   -0.552   -0.669    5.022   34.944   83.782    180
  -0.840   -0.218   -0.497    0.448    0.241   -0.861    0.307   -0.946   -0.105    0.108   24.414   33.940    181
   0.485    0.499   -0.718   -0.551    0.812    0.192    0.679    0.302    0.669   -7.614   13.182   81.676    182
  -0.541   -0.601   -0.588    0.743   -0.669   -0.000   -0.393   -0.437    0.809   -8.316   38.454   70.444    183
  -0.752    0.525   -0.398    0.600    0.796   -0.085    0.272   -0.302   -0.914   75.924  -10.686   59.212    184
   0.011   -0.995   -0.104   -0.104   -0.105    0.989   -0.995    0.000   -0.105   67.500  -15.600   55.000    185
  -0.250   -0.866    0.433   -0.433    0.500    0.750   -0.866    0.000   -0.500   58.374   24.414   51.490    186
  -0.425   -0.795    0.433    0.320   -0.579   -0.750    0.847   -0.180    0.500   54.162   24.414   78.868    187
   0.305    0.839   -0.450   -0.787    0.488    0.378    0.537    0.239    0.809   49.950   -0.156   73.252    188
   0.743    0.669   -0.000    0.448   -0.497    0.743    0.497   -0.552   -0.669   45.036   12.480   80.272    189
  -0.300   -0.394    0.869   -0.908   -0.163   -0.387    0.294   -0.905   -0.309   42.930   32.838   39.556    190
  -0.505    0.857   -0.104   -0.857   -0.484    0.180    0.104    0.180    0.978   38.016  -19.812   41.662    191
   0.156   -0.508    0.847   -0.984   -0.001    0.180   -0.091   -0.861   -0.500   35.208   32.136   85.186    192
  -0.250    0.866    0.433    0.433    0.500   -0.750   -0.866    0.000   -0.500   28.890  -16.302   49.384    193
   0.011   -0.995    0.104   -0.104   -0.105   -0.989    0.995   -0.000   -0.105   25.380   40.560   29.026    194
   0.129    0.858   -0.497    0.193    0.470    0.861    0.973   -0.207   -0.105   19.062  -10.686   55.000    195
   0.943    0.273   -0.192   -0.325    0.616   -0.718   -0.078    0.739    0.669   13.446   46.878   59.914    196
  -0.686   -0.119   -0.718   -0.031   -0.981    0.192   -0.727    0.155    0.669   -9.720   27.222   73.954    197
  -0.300    0.394   -0.869    0.908   -0.163   -0.387   -0.294   -0.905   -0.309   54.864   -8.580   70.444    198
   0.300   -0.908    0.294    0.394   -0.163   -0.905    0.869    0.387    0.309   50.652   26.520   42.364    199
   0.760    0.342    0.552   -0.277    0.940   -0.201   -0.588    0.000    0.809   50.652   12.480   73.252    200
  -0.482   -0.419    0.769   -0.826   -0.077   -0.559    0.294   -0.905   -0.309   44.334   32.136   39.556    201
   0.655   -0.727   -0.208    0.743    0.669   -0.000    0.139   -0.155    0.978   33.804   17.394   26.218    202
  -0.861    0.430    0.272   -0.348   -0.887    0.302    0.372    0.165    0.914   32.400  -12.090   62.020    203
   0.548   -0.329    0.769   -0.329    0.761    0.559   -0.769   -0.559    0.309   28.890  -13.494   57.106    204
   0.070   -0.743   -0.665   -0.078   -0.669    0.739   -0.995    0.000   -0.105   26.082   13.182   22.708    205
  -0.282   -0.407    0.869   -0.126    0.914    0.387   -0.951    0.000   -0.309   23.274  -12.090   51.490    206
   0.917    0.143   -0.372    0.143    0.752    0.644    0.372   -0.644    0.669   20.466   -7.878   42.364    207
   0.673    0.493    0.552   -0.466    0.862   -0.201   -0.575   -0.122    0.809   16.254   48.282   55.000    208
   0.608    0.543   -0.579    0.067   -0.762   -0.644   -0.791    0.352   -0.500   14.148   28.626   93.610    209
   0.256    0.928    0.272   -0.892    0.335   -0.302   -0.372   -0.165    0.914   13.446    1.950   29.026    210
  -0.943    0.041   -0.329    0.041   -0.970   -0.239   -0.329   -0.239    0.914    8.532   43.368   59.212    211
  -0.845    0.357   -0.398   -0.421   -0.903    0.085   -0.329    0.239    0.914    7.128   41.262   55.000    212
   0.436   -0.838   -0.329    0.820    0.521   -0.239    0.372   -0.165    0.914   -8.316    1.248   65.530    213
   0.949   -0.117   -0.294    0.259    0.821    0.509    0.182   -0.559    0.809  -11.826   20.904   39.556    214
  -0.095   -0.043    0.995    0.407   -0.914    0.000    0.909    0.405    0.105   74.520    4.758   62.020    215
  -0.335   -0.579    0.743   -0.866    0.500    0.000   -0.372   -0.644   -0.669   66.096   21.606   52.894    216
   0.528    0.309   -0.791    0.806   -0.476    0.352   -0.268   -0.824   -0.500   58.374  -28.938   52.894    217
   0.300   -0.908    0.294    0.394   -0.163   -0.905    0.869    0.387    0.309   50.652   27.222   42.364    218
   0.739   -0.588   -0.329   -0.537   -0.809    0.239   -0.407    0.000   -0.914   38.718   18.096   21.304    219
   0.489   -0.847   -0.208    0.866    0.500   -0.000    0.104   -0.180    0.978   14.850   44.070   78.868    220
   0.965   -0.167   -0.203   -0.231   -0.907   -0.352   -0.126    0.387   -0.914    7.128   16.692   26.920    221
  -0.867    0.215    0.450   -0.403   -0.833   -0.378    0.294   -0.509    0.809    6.426   41.964   48.682    222
   0.416    0.856   -0.307   -0.035   -0.323   -0.946   -0.909    0.405   -0.105    5.724   41.964   58.510    223
   0.155    0.268    0.951    0.866   -0.500    0.000    0.476    0.824   -0.309    2.214  -10.686   52.894    224
   0.682    0.702   -0.203   -0.720    0.598   -0.352   -0.126    0.387    0.914    1.512   15.990   32.536    225
  -0.603    0.751   -0.268   -0.548   -0.147    0.824    0.579    0.644    0.500   80.838    0.546   43.768    226
   0.423   -0.257    0.869   -0.257    0.886    0.387   -0.869   -0.387    0.309   55.566   21.606   38.854    227
   0.250    0.182    0.951    0.588   -0.809    0.000    0.769    0.559   -0.309   51.354   31.434   44.470    228
  -0.608   -0.067    0.791   -0.543    0.762   -0.352   -0.579   -0.644   -0.500   49.950   37.050   63.424    229
   0.335    0.743    0.579    0.372   -0.669    0.644    0.866   -0.000   -0.500   47.844   -2.262   73.252    230
   0.095   -0.407   -0.909    0.043    0.914   -0.405    0.995   -0.000    0.105   47.142   23.010   26.920    231
  -0.845   -0.525    0.099   -0.244    0.214   -0.946    0.476   -0.824   -0.309   46.440   23.712   74.656    232
   0.505   -0.857    0.104    0.857    0.484   -0.180    0.104    0.180    0.978   43.632  -19.110   33.238    233
  -0.156    0.984   -0.091   -0.508   -0.001    0.861    0.847    0.180    0.500   42.228   17.394   23.410    234
   0.373   -0.880    0.294   -0.840   -0.186    0.509   -0.393   -0.437   -0.809   39.420   10.374   22.708    235
   0.834   -0.003    0.552   -0.129    0.971    0.201   -0.537   -0.239    0.809   31.698  -10.686   68.338    236
  -0.620    0.643   -0.450    0.520    0.766    0.378    0.588   -0.000   -0.809   30.996   17.394   90.100    237
  -0.994   -0.037    0.102    0.089   -0.811    0.579    0.061    0.585    0.809   28.890    8.268   19.198    238
   0.052   -0.995   -0.091    0.497    0.105   -0.861    0.866   -0.000    0.500   28.890   -3.666   80.272    239
   0.791   -0.575   -0.208   -0.588   -0.809   -0.000   -0.168    0.122   -0.978   23.274   -5.772   25.516    240
  -0.916   -0.380    0.126   -0.398    0.832   -0.387    0.043   -0.405   -0.914   21.168   25.818   23.410    241
   0.675   -0.171   -0.718    0.428    0.883    0.192    0.601   -0.437    0.669   21.168   -9.282   47.980    242
  -0.685   -0.296   -0.665   -0.660   -0.133    0.739   -0.307    0.946   -0.105   19.764   -9.282   52.192    243
   0.070   -0.078    0.995    0.743    0.669    0.000   -0.665    0.739    0.105    7.128   -6.474   54.298    244
   0.095   -0.990    0.104    0.977    0.112    0.180   -0.190    0.085    0.978    4.320    4.758   84.484    245
  -0.708   -0.680    0.192   -0.371    0.589    0.718   -0.601    0.437   -0.669   -9.018   13.884   52.192    246
   0.371   -0.589    0.718   -0.708   -0.680   -0.192    0.601   -0.437   -0.669  -17.442   13.884   52.894    247
   0.835    0.339   -0.433    0.543   -0.378    0.750    0.091   -0.861   -0.500   50.652   32.136   52.894    248
   0.627    0.774    0.091   -0.341    0.377   -0.861   -0.701    0.509    0.500   49.950   34.944   55.000    249
   0.531    0.303    0.791    0.009   -0.936    0.352    0.847   -0.180   -0.500   49.950   26.520   42.364    250
  -0.585   -0.750    0.307    0.101    0.308    0.946   -0.805    0.585   -0.105   49.950   23.010   35.344    251
   0.740   -0.500   -0.450   -0.349   -0.857    0.378   -0.575   -0.122   -0.809   48.546  -24.024   54.298    252
  -0.551    0.670    0.497   -0.221    0.458   -0.861   -0.805   -0.585   -0.105   47.844    6.864   76.762    253
  -0.747   -0.193    0.636    0.465    0.533    0.707   -0.476    0.824   -0.309   45.036  -22.620   56.404    254
  -0.457    0.791    0.407   -0.866   -0.500    0.000    0.203   -0.352    0.914   35.910   21.606   21.304    255
   0.166    0.937    0.307    0.161    0.282   -0.946   -0.973    0.207   -0.105   30.294  -17.004   50.788    256
   0.375   -0.323    0.869   -0.922   -0.030    0.387   -0.099   -0.946   -0.309   26.082   38.454   29.026    257
   0.405    0.588   -0.701    0.294   -0.809   -0.509   -0.866    0.000   -0.500   25.380    7.566   93.610    258
  -0.867   -0.039   -0.497    0.488    0.142   -0.861    0.104   -0.989   -0.105   21.870   41.964   40.258    259
   0.531    0.009   -0.847   -0.303    0.936   -0.180    0.791    0.352    0.500   21.168   20.202   23.410    260
  -0.085    0.588    0.805   -0.061   -0.809    0.585    0.995   -0.000    0.105   19.764   47.580   67.636    261
   0.173   -0.966    0.192    0.646    0.259    0.718   -0.743    0.000    0.669   14.850   -0.156   31.132    262
   0.798   -0.294   -0.525   -0.033    0.850   -0.525    0.601    0.437    0.669   10.638   48.282   57.808    263
   0.405    0.866    0.294   -0.701    0.500   -0.509   -0.588    0.000    0.809    8.532   48.282   53.596    264
  -0.528   -0.806   -0.268   -0.309    0.476   -0.824    0.791   -0.352   -0.500   -0.594   -1.560   50.086    265
   0.489   -0.847    0.208    0.866    0.500    0.000   -0.104    0.180    0.978   -1.998   -4.368   45.172    266
  -0.238   -0.966    0.099    0.279   -0.166   -0.946    0.930   -0.198    0.309   -4.806   20.904   75.358    267
  -0.752   -0.525   -0.398    0.600   -0.796   -0.085   -0.272   -0.302    0.914   -8.316   18.798   51.490    268
   0.655    0.727   -0.208    0.743   -0.669   -0.000   -0.139   -0.155   -0.978   71.712    0.546   44.470    269
  -0.173    0.966    0.192    0.646    0.259   -0.718   -0.743    0.000   -0.669   63.288   18.096   43.768    270
   0.673   -0.733   -0.104   -0.737   -0.651   -0.180    0.064    0.198   -0.978   59.076   23.712   45.172    271
   0.231    0.015    0.973   -0.836   -0.508    0.207    0.497   -0.861   -0.105   59.076  -15.600   38.854    272
  -0.799    0.592   -0.104   -0.570   -0.801   -0.180   -0.190   -0.085    0.978   57.672   23.010   67.636    273
   0.196   -0.123    0.973   -0.975    0.081    0.207   -0.104   -0.989   -0.105   54.162  -11.388   76.060    274
   0.547   -0.430   -0.718   -0.750   -0.633   -0.192   -0.372    0.644   -0.669   49.248   29.328   68.338    275
   0.473    0.707   -0.525   -0.473    0.707    0.525    0.743   -0.000    0.669   41.526   44.070   72.550    276
  -0.585    0.750    0.307   -0.101    0.308   -0.946   -0.805   -0.585   -0.105   41.526  -20.514   28.324    277
   0.819    0.231    0.525   -0.526    0.668    0.525   -0.230   -0.707    0.669   40.824   37.752   43.066    278
  -0.728   -0.163    0.665   -0.612   -0.281   -0.739    0.307   -0.946    0.105   40.824  -22.620   52.894    279
   0.625    0.307    0.718    0.602   -0.775   -0.192    0.497    0.552   -0.669   30.996   -0.156   19.900    280
  -0.155    0.951    0.268    0.476    0.309   -0.824   -0.866    0.000   -0.500   30.294   35.646   31.834    281
  -0.492   -0.870   -0.043    0.787   -0.465    0.405   -0.372    0.165    0.914   29.592   23.010   25.516    282
  -0.104    0.352    0.930    0.950   -0.241    0.198    0.294    0.905   -0.309   28.890   22.308   23.410    283
   0.780   -0.504    0.372    0.175    0.745    0.644   -0.601   -0.437    0.669   28.188   -8.580   68.338    284
  -0.246   -0.560   -0.791   -0.932   -0.089    0.352   -0.268    0.824   -0.500   23.976    5.460   19.198    285
   0.541   -0.393   -0.743    0.588    0.809   -0.000    0.601   -0.437    0.669   23.976   -7.878   70.444    286
   0.531    0.009   -0.847   -0.303    0.936   -0.180    0.791    0.352    0.500   21.870   20.202   23.410    287
   0.518   -0.491    0.701   -0.119   -0.852   -0.509    0.847    0.180   -0.500   21.168   43.368   59.914    288
  -0.774   -0.255   -0.579    0.627   -0.439   -0.644   -0.091   -0.861    0.500   21.168   -0.858   23.410    289
   0.646   -0.259    0.718    0.173    0.966    0.192   -0.743    0.000    0.669   20.466  -11.388   46.576    290
  -0.196   -0.123    0.973    0.975    0.081    0.207   -0.104    0.989    0.105   17.658   38.454   82.378    291
   0.658    0.745    0.104    0.725   -0.665    0.180    0.203   -0.043   -0.978   15.552   -0.156   31.834    292
  -0.625    0.650    0.433    0.650    0.125    0.750    0.433    0.750   -0.500   14.148    8.268   26.920    293
   0.845   -0.525   -0.099   -0.244   -0.214   -0.946    0.476    0.824   -0.309   12.042   44.772   64.126    294
   0.507   -0.778    0.372   -0.463   -0.610   -0.644    0.727    0.155   -0.669    9.936   45.474   66.232    295
   0.300   -0.908    0.294   -0.394    0.163    0.905   -0.869   -0.387   -0.309    7.830    9.672   32.536    296
   0.542   -0.835   -0.091    0.464    0.208    0.861   -0.701   -0.509    0.500   -0.594   34.242   80.974    297
  -0.375   -0.323    0.869   -0.922    0.030   -0.387    0.099   -0.946   -0.309   -2.700   42.666   35.344    298
  -0.485    0.499    0.718    0.551    0.812   -0.192   -0.679    0.302   -0.669   -6.912   32.136   71.848    299
   0.493    0.560   -0.665   -0.330   -0.587   -0.739   -0.805    0.585   -0.105   -7.614   34.242   57.808    300
  -0.826   -0.555    0.102    0.404   -0.708   -0.579    0.393   -0.437    0.809  -10.422   18.798   63.424    301
  -0.711   -0.554   -0.433   -0.056    0.659   -0.750    0.701   -0.509   -0.500   62.586  -19.812   44.470    302
  -0.331    0.158    0.930   -0.815   -0.545   -0.198    0.476   -0.824    0.309   49.248   23.712   80.272    303
   0.581    0.689   -0.433   -0.192    0.633    0.750    0.791   -0.352    0.500   47.142  -22.620   51.490    304
  -0.175    0.745    0.644   -0.780   -0.504    0.372    0.601   -0.437    0.669   40.122   32.838   83.782    305
   0.655    0.727   -0.208    0.743   -0.669   -0.000   -0.139   -0.155   -0.978   30.996   33.540   27.622    306
  -0.776    0.558   -0.294    0.415    0.100   -0.905   -0.476   -0.824   -0.309   30.996   13.182   24.814    307
  -0.901    0.174   -0.398   -0.224   -0.971    0.085   -0.372    0.165    0.914   30.294   38.454   35.344    308
  -0.603   -0.751   -0.268    0.548   -0.147   -0.824    0.579   -0.644    0.500   29.592   42.666   90.802    309
  -0.124   -0.599   -0.791    0.893    0.281   -0.352    0.433   -0.750    0.500   23.976   12.480   94.312    310
   0.143   -0.182   -0.973    0.182   -0.961    0.207   -0.973   -0.207   -0.105   19.764    9.672   28.324    311
   0.240    0.654   -0.718   -0.834    0.518    0.192    0.497    0.552    0.669   11.340   40.560   81.676    312
   0.032    0.995   -0.099    0.307   -0.105   -0.946   -0.951    0.000   -0.309    9.936   39.858   43.066    313
   0.300   -0.908    0.294   -0.394    0.163    0.905   -0.869   -0.387   -0.309    8.532    9.672   31.834    314
  -0.905   -0.413    0.104    0.391   -0.902   -0.180    0.168   -0.122    0.978    7.830   46.176   60.616    315
  -0.238    0.897   -0.372    0.763   -0.064   -0.644   -0.601   -0.437   -0.669    6.426   30.732   85.888    316
   0.166    0.694    0.701   -0.798   -0.323    0.509    0.579   -0.644    0.500    3.618   45.474   67.636    317
   0.740   -0.500    0.450    0.349    0.857    0.378   -0.575   -0.122    0.809    3.618   -5.070   46.576    318
   0.124   -0.893    0.433    0.599   -0.281   -0.750    0.791    0.352    0.500    2.214   41.964   67.636    319
  -0.405    0.701   -0.588   -0.866   -0.500   -0.000   -0.294    0.509    0.809    2.214    0.546   78.868    320
   0.609   -0.372   -0.701    0.061   -0.859    0.509   -0.791   -0.352   -0.500    0.108  -11.388   75.358    321
   0.095    0.043    0.995   -0.407    0.914    0.000   -0.909   -0.405    0.105   -6.912   11.076   47.980    322
   0.803    0.391   -0.450   -0.568    0.731   -0.378    0.182    0.559    0.809   -6.912   -0.156   55.702    323
   0.791    0.168    0.588   -0.208    0.978    0.000   -0.575   -0.122    0.809   55.566   10.374   72.550    324
  -0.627    0.774   -0.091   -0.341   -0.377   -0.861   -0.701   -0.509    0.500   54.864  -22.620   50.086    325
  -0.357    0.217    0.909    0.882   -0.242    0.405    0.307    0.946   -0.105   54.162   29.328   58.510    326
   0.362    0.389    0.847    0.493   -0.851    0.180    0.791    0.352   -0.500   52.056    8.970   73.252    327
  -0.414   -0.426    0.805    0.426    0.691    0.585   -0.805    0.585   -0.105   47.844  -19.110   36.046    328
   0.467    0.731   -0.497    0.367    0.351    0.861    0.805   -0.585   -0.105   42.930   11.778   85.186    329
  -0.282    0.407    0.869   -0.126   -0.914    0.387    0.951   -0.000    0.309   41.526   20.904   29.728    330
   0.296   -0.706   -0.644    0.927    0.051    0.372   -0.230   -0.707    0.669   38.718   13.182   26.920    331
   0.139   -0.969   -0.203    0.934    0.061    0.352   -0.329   -0.239    0.914   37.314   21.606   30.430    332
   0.815   -0.176    0.552   -0.075   -0.977   -0.201    0.575    0.122   -0.809   33.804   -0.156   76.060    333
  -0.604   -0.480   -0.636    0.208    0.676   -0.707    0.769   -0.559   -0.309   30.996   44.772   76.060    334
  -0.761    0.641   -0.099   -0.128   -0.298   -0.946   -0.636   -0.707    0.309   23.274   12.480   28.324    335
   0.086    0.215    0.973    0.741    0.638   -0.207   -0.665    0.739   -0.105   22.572  -10.686   54.298    336
  -0.604    0.208   -0.769   -0.480    0.676    0.559    0.636    0.707   -0.309   20.466   37.050   87.994    337
  -0.526   -0.668   -0.525    0.819   -0.231   -0.525    0.230   -0.707    0.669   19.764   22.308   97.120    338
  -0.113    0.988    0.104   -0.979   -0.093   -0.180   -0.168   -0.122    0.978   19.062   46.878   59.914    339
   0.774    0.627   -0.091    0.255   -0.439   -0.861   -0.579    0.644   -0.500   18.360   43.368   53.596    340
   0.708    0.680   -0.192    0.371   -0.589   -0.718   -0.601    0.437   -0.669   17.658   42.666   45.874    341
  -0.746    0.505   -0.433   -0.609   -0.257    0.750    0.268    0.824    0.500   16.956   44.772   62.722    342
  -0.840    0.218   -0.497   -0.448    0.241    0.861    0.307    0.946   -0.105   15.552   42.666   55.702    343
  -0.686   -0.119    0.718   -0.031   -0.981   -0.192    0.727   -0.155    0.669    9.234   47.580   74.656    344
   0.717    0.689   -0.099   -0.283    0.158   -0.946   -0.636    0.707    0.309    9.234    5.460   85.186    345
   0.717    0.689   -0.099   -0.283    0.158   -0.946   -0.636    0.707    0.309    8.532    6.162   85.888    346
  -0.009   -0.418    0.909   -0.232    0.885    0.405   -0.973   -0.207   -0.105    6.426   33.540   91.504    347
